Premier League
1,LIVERPOOL,80.1,15.3,3.8,0.8,0.0,0.0,0.0,0.0,0.0,0.0,0.0,0.0,0.0,0.0,0.0,0.0,0.0,0.0,0.0,0.0
2,CHELSEA,1.4,9.4,22.5,46.3,12.4,4.5,1.7,1.1,0.4,0.2,0.1,0.0,0.0,0.0,0.0,0.0,0.0,0.0,0.0,0.0
3,ARSENAL,12.6,46.0,28.5,11.1,1.4,0.3,0.1,0.0,0.0,0.0,0.0,0.0,0.0,0.0,0.0,0.0,0.0,0.0,0.0,0.0
4,MAN CITY,6.0,28.7,41.6,19.4,3.2,0.9,0.2,0.1,0.0,0.0,0.0,0.0,0.0,0.0,0.0,0.0,0.0,0.0,0.0,0.0
5,BRIGHTON,0.0,0.1,0.9,5.0,16.8,16.4,15.6,12.7,10.1,7.8,5.7,4.4,2.5,1.3,0.5,0.2,0.0,0.0,0.0,0.0
6,FULHAM,0.0,0.0,0.1,0.6,3.2,5.4,7.6,9.7,11.0,12.6,14.4,12.2,10.4,6.8,3.8,1.7,0.4,0.1,0.0,0.0
7,NOTTM FOREST,0.0,0.0,0.0,0.3,2.0,3.6,5.1,6.7,9.2,11.1,13.2,14.0,13.3,10.7,6.5,3.0,1.1,0.4,0.0,0.0
8,ASTON VILLA,0.0,0.1,0.5,2.6,10.9,13.5,14.2,13.9,11.9,10.5,8.3,5.9,4.2,2.0,0.9,0.4,0.1,0.0,0.0,0.0
9,BOURNEMOUTH,0.0,0.0,0.1,0.7,3.6,5.8,7.9,10.2,12.1,13.0,12.3,11.9,9.8,6.4,4.0,1.6,0.5,0.2,0.0,0.0
10,TOTTENHAM,0.0,0.2,1.5,7.8,22.2,19.2,14.1,10.9,8.7,5.8,4.1,2.6,1.6,0.8,0.2,0.1,0.0,0.0,0.0,0.0
11,BRENTFORD,0.0,0.0,0.0,0.2,1.3,2.4,4.1,5.3,7.6,10.2,11.4,14.1,15.6,12.5,8.5,4.4,1.8,0.6,0.1,0.0
12,NEWCASTLE,0.0,0.1,0.5,3.7,15.0,16.5,15.6,13.2,11.1,8.8,6.7,4.2,2.6,1.3,0.5,0.1,0.0,0.0,0.0,0.0
13,MAN UTD,0.0,0.0,0.2,1.6,7.5,10.6,12.2,13.1,12.9,11.6,10.3,8.6,5.5,3.3,1.7,0.7,0.2,0.0,0.0,0.0
14,WEST HAM,0.0,0.0,0.0,0.0,0.2,0.6,1.2,2.0,3.0,5.1,7.5,10.5,14.8,18.7,16.1,11.4,5.7,2.5,0.6,0.1
15,EVERTON,0.0,0.0,0.0,0.0,0.0,0.0,0.1,0.3,0.3,0.8,1.4,2.7,5.6,10.2,17.5,23.1,20.0,12.0,5.0,0.9
16,LEICESTER,0.0,0.0,0.0,0.0,0.0,0.0,0.0,0.0,0.0,0.1,0.2,0.7,1.3,3.7,7.3,13.3,22.7,28.7,16.8,5.2
17,CRYSTAL PALACE,0.0,0.0,0.0,0.0,0.0,0.2,0.4,0.6,1.4,2.3,3.9,7.1,10.6,16.2,20.4,17.7,11.3,5.6,1.9,0.3
18,IPSWICH,0.0,0.0,0.0,0.0,0.0,0.0,0.0,0.0,0.0,0.0,0.0,0.1,0.2,0.7,1.6,4.4,10.2,20.2,40.5,22.1
19,WOLVES,0.0,0.0,0.0,0.0,0.0,0.0,0.0,0.0,0.1,0.2,0.5,1.1,2.1,5.1,10.3,17.0,23.6,22.5,13.5,4.0
20,SOUTHAMPTON,0.0,0.0,0.0,0.0,0.0,0.0,0.0,0.0,0.0,0.0,0.0,0.0,0.0,0.1,0.3,0.9,2.5,7.1,21.6,67.4

Serie A
1,NAPOLI,6.5,15.5,27.3,20.6,14.4,9.5,4.9,1.3,0.1,0.0,0.0,0.0,0.0,0.0,0.0,0.0,0.0,0.0,0.0,0.0
2,ATALANTA,28.2,38.9,17.6,8.2,4.4,2.0,0.7,0.1,0.0,0.0,0.0,0.0,0.0,0.0,0.0,0.0,0.0,0.0,0.0,0.0
3,INTER,59.7,27.0,8.3,3.2,1.2,0.6,0.1,0.0,0.0,0.0,0.0,0.0,0.0,0.0,0.0,0.0,0.0,0.0,0.0,0.0
4,FIORENTINA,1.4,4.2,11.6,17.8,19.6,20.6,17.9,5.7,1.0,0.2,0.0,0.0,0.0,0.0,0.0,0.0,0.0,0.0,0.0,0.0
5,LAZIO,1.1,4.5,10.8,15.8,20.6,21.6,18.7,5.8,1.0,0.2,0.0,0.0,0.0,0.0,0.0,0.0,0.0,0.0,0.0,0.0
6,JUVENTUS,2.5,7.9,17.1,21.3,20.2,16.4,10.8,3.2,0.4,0.1,0.0,0.0,0.0,0.0,0.0,0.0,0.0,0.0,0.0,0.0
7,MILAN,0.6,2.1,6.8,11.9,16.8,21.5,26.2,11.1,2.1,0.5,0.3,0.1,0.0,0.0,0.0,0.0,0.0,0.0,0.0,0.0
8,BOLOGNA,0.0,0.0,0.5,1.2,2.8,6.7,16.3,43.3,16.1,7.0,3.3,1.5,0.8,0.3,0.1,0.1,0.0,0.0,0.0,0.0
9,UDINESE,0.0,0.0,0.0,0.0,0.0,0.1,0.7,3.9,12.3,15.0,15.8,14.3,11.7,8.6,6.5,4.5,3.5,1.8,1.1,0.3
10,EMPOLI,0.0,0.0,0.0,0.0,0.0,0.1,0.3,3.8,11.2,14.8,15.2,13.7,11.5,9.6,7.2,5.3,3.6,2.4,1.2,0.3
11,PARMA,0.0,0.0,0.0,0.0,0.0,0.0,0.1,0.8,3.0,5.3,7.6,9.9,11.8,12.3,11.9,10.7,9.9,8.2,5.8,2.5
12,TORINO,0.0,0.0,0.0,0.0,0.0,0.4,1.3,9.0,20.4,18.8,15.1,11.4,8.1,5.7,4.0,2.6,1.5,0.8,0.5,0.2
13,CAGLIARI,0.0,0.0,0.0,0.0,0.0,0.0,0.0,0.1,0.7,1.4,2.6,4.8,6.5,8.6,11.4,12.3,13.8,14.1,13.6,10.2
14,GENOA,0.0,0.0,0.0,0.0,0.0,0.0,0.1,1.3,5.0,7.7,10.1,11.7,12.3,11.8,11.0,9.5,7.5,5.8,4.2,2.0
15,ROMA,0.0,0.0,0.0,0.0,0.1,0.4,1.8,9.7,22.2,19.5,14.7,10.1,7.5,5.4,3.6,2.3,1.2,0.8,0.4,0.2
16,LECCE,0.0,0.0,0.0,0.0,0.0,0.0,0.0,0.2,1.2,2.5,3.6,5.8,7.8,9.9,11.0,13.3,13.6,12.5,11.1,7.3
17,VERONA,0.0,0.0,0.0,0.0,0.0,0.0,0.0,0.1,0.8,1.8,3.2,4.8,6.3,8.0,9.8,11.5,13.5,15.1,14.5,10.6
18,COMO,0.0,0.0,0.0,0.0,0.0,0.0,0.0,0.1,0.3,0.7,1.3,2.2,3.8,5.9,7.3,10.3,12.3,16.1,20.0,19.6
19,MONZA,0.0,0.0,0.0,0.0,0.0,0.0,0.1,0.5,2.2,4.4,6.7,8.9,10.1,11.4,12.1,11.9,10.7,9.3,7.6,4.3
20,VENEZIA,0.0,0.0,0.0,0.0,0.0,0.0,0.0,0.0,0.0,0.1,0.5,0.8,1.8,2.5,3.9,5.8,8.9,12.9,20.1,42.6

La Liga
1,BARCELONA,54.1,34.1,10.7,0.9,0.1,0.0,0.0,0.0,0.0,0.0,0.0,0.0,0.0,0.0,0.0,0.0,0.0,0.0,0.0,0.0
2,REAL MADRID,39.4,45.9,12.9,1.6,0.2,0.0,0.0,0.0,0.0,0.0,0.0,0.0,0.0,0.0,0.0,0.0,0.0,0.0,0.0,0.0
3,ATLÉTICO,6.3,17.9,59.2,12.5,3.3,0.7,0.1,0.0,0.0,0.0,0.0,0.0,0.0,0.0,0.0,0.0,0.0,0.0,0.0,0.0
4,ATHLETIC CLUB,0.1,1.2,9.3,40.8,27.4,12.1,5.3,2.2,1.1,0.3,0.1,0.1,0.0,0.0,0.0,0.0,0.0,0.0,0.0,0.0
5,VILLARREAL,0.1,0.9,6.6,30.6,30.8,16.0,8.0,4.0,1.8,0.7,0.3,0.1,0.1,0.0,0.0,0.0,0.0,0.0,0.0,0.0
6,MALLORCA,0.0,0.0,0.1,0.7,3.5,8.5,13.6,16.7,15.8,14.2,9.9,6.7,4.3,2.7,1.6,0.9,0.5,0.2,0.1,0.0
7,OSASUNA,0.0,0.0,0.1,1.4,4.5,9.8,15.3,16.5,15.9,12.1,9.2,6.1,3.9,2.4,1.2,1.0,0.3,0.2,0.1,0.0
8,GIRONA,0.0,0.0,0.5,5.1,13.4,21.7,20.1,14.8,10.1,6.2,3.8,2.0,1.2,0.6,0.3,0.2,0.1,0.0,0.0,0.0
9,REAL SOCIEDAD,0.0,0.0,0.6,5.7,13.8,22.4,20.1,14.3,9.8,5.9,3.7,1.7,0.9,0.5,0.3,0.2,0.0,0.0,0.0,0.0
10,BETIS,0.0,0.0,0.0,0.4,1.9,4.8,7.9,12.5,14.9,14.5,13.3,9.9,7.1,4.8,3.3,2.4,1.2,0.8,0.4,0.1
11,SEVILLA,0.0,0.0,0.0,0.0,0.5,1.6,3.7,6.5,9.1,12.4,13.8,13.0,11.5,9.0,6.7,5.2,3.7,2.1,1.1,0.2
12,CELTA VIGO,0.0,0.0,0.0,0.1,0.5,1.3,2.9,6.1,9.2,11.3,13.3,13.3,11.2,9.6,7.7,5.5,3.7,2.4,1.5,0.4
13,VALLECANO,0.0,0.0,0.0,0.0,0.1,0.3,1.1,2.1,3.5,6.1,7.6,9.9,11.4,12.3,11.3,10.6,9.3,7.4,5.3,1.7
14,LAS PALMAS,0.0,0.0,0.0,0.0,0.0,0.2,0.6,1.2,2.4,4.1,6.2,8.4,10.6,11.7,11.9,11.5,11.1,9.3,7.5,3.3
15,LEGANÉS,0.0,0.0,0.0,0.0,0.0,0.1,0.3,0.4,1.1,2.1,3.4,5.4,7.5,8.5,11.2,13.0,13.6,14.4,12.5,6.6
16,ALAVÉS,0.0,0.0,0.0,0.0,0.0,0.1,0.3,0.7,1.5,2.6,4.0,5.8,7.8,9.6,11.8,12.4,12.7,12.9,11.4,6.4
17,GETAFE,0.0,0.0,0.0,0.0,0.0,0.1,0.2,0.4,0.9,2.1,3.0,5.2,6.8,8.8,10.7,11.7,14.1,14.3,14.2,7.5
18,ESPANYOL,0.0,0.0,0.0,0.0,0.0,0.1,0.1,0.3,0.8,1.8,2.9,4.4,6.1,7.6,9.2,10.7,13.6,15.1,17.3,10.1
19,VALENCIA,0.0,0.0,0.0,0.0,0.1,0.2,0.4,1.2,2.1,3.5,5.3,7.6,9.1,10.8,11.1,11.7,11.3,11.4,9.8,4.5
20,VALLADOLID,0.0,0.0,0.0,0.0,0.0,0.0,0.0,0.0,0.1,0.1,0.2,0.4,0.6,1.1,1.8,3.2,4.9,9.6,18.8,59.3

Bundesliga
1,BAYERN MÜNCHEN,80.8,14.9,3.4,0.7,0.1,0.0,0.0,0.0,0.0,0.0,0.0,0.0,0.0,0.0,0.0,0.0,0.0,0.0
2,FRANKFURT,3.3,19.6,35.9,22.0,10.9,5.2,2.0,0.6,0.3,0.1,0.1,0.0,0.0,0.0,0.0,0.0,0.0,0.0
3,LEVERKUSEN,14.4,53.5,20.3,8.0,2.8,0.7,0.2,0.1,0.0,0.0,0.0,0.0,0.0,0.0,0.0,0.0,0.0,0.0
4,LEIPZIG,0.3,3.1,11.6,20.7,25.0,16.9,10.5,5.5,3.2,1.9,0.8,0.3,0.1,0.1,0.0,0.0,0.0,0.0
5,DORTMUND,1.0,7.7,21.8,29.0,20.5,10.4,4.9,2.6,1.2,0.6,0.2,0.1,0.0,0.0,0.0,0.0,0.0,0.0
6,FREIBURG,0.0,0.1,0.9,3.0,7.0,12.2,15.6,15.5,14.2,11.4,8.4,5.8,3.3,1.6,0.7,0.3,0.0,0.0
7,MAINZ 05,0.0,0.1,0.6,1.9,4.4,10.2,13.7,15.2,14.6,13.0,10.5,7.9,4.3,2.4,1.0,0.3,0.0,0.0
8,WOLFSBURG,0.0,0.0,0.4,1.7,4.3,8.4,12.7,14.3,14.4,13.5,11.6,8.6,5.6,2.8,1.4,0.5,0.0,0.0
9,STUTTGART,0.1,0.9,4.8,11.1,19.0,21.9,15.8,10.2,7.0,4.3,2.5,1.4,0.7,0.2,0.1,0.0,0.0,0.0
10,M'GLADBACH,0.0,0.0,0.1,0.5,1.7,3.9,7.2,9.7,12.0,13.8,15.1,14.0,10.4,6.5,3.4,1.5,0.1,0.0
11,UNION BERLIN,0.0,0.0,0.1,0.4,1.1,3.0,5.6,9.2,10.7,12.4,15.2,15.0,12.2,8.5,4.4,2.0,0.2,0.0
12,BREMEN,0.0,0.0,0.2,0.9,3.0,6.1,9.4,12.4,14.2,14.5,13.3,11.0,7.4,4.2,2.3,1.0,0.1,0.0
13,AUGSBURG,0.0,0.0,0.0,0.0,0.1,0.5,1.1,2.1,3.5,5.8,8.8,13.0,17.5,19.3,15.9,10.1,1.9,0.2
14,HOFFENHEIM,0.0,0.0,0.0,0.0,0.1,0.5,0.8,1.6,3.0,4.7,7.0,10.7,16.7,18.4,19.6,13.9,2.7,0.5
15,ST. PAULI,0.0,0.0,0.0,0.0,0.0,0.1,0.2,0.3,0.7,1.3,2.7,5.3,9.6,16.1,22.3,30.9,8.6,1.9
16,HEIDENHEIM,0.0,0.0,0.0,0.0,0.0,0.0,0.2,0.7,1.1,2.6,4.0,6.7,11.6,18.3,23.9,23.6,6.2,1.0
17,HOLSTEIN,0.0,0.0,0.0,0.0,0.0,0.0,0.0,0.0,0.0,0.0,0.1,0.1,0.4,1.0,3.0,9.6,48.2,37.6
18,BOCHUM,0.0,0.0,0.0,0.0,0.0,0.0,0.0,0.0,0.0,0.0,0.0,0.1,0.2,0.6,2.0,6.5,31.9,58.7

Ligue 1
1,PSG,92.8,5.7,1.2,0.2,0.1,0.0,0.0,0.0,0.0,0.0,0.0,0.0,0.0,0.0,0.0,0.0,0.0,0.0
2,MARSEILLE,2.0,26.3,27.3,21.6,12.5,6.0,2.8,1.0,0.4,0.1,0.1,0.0,0.0,0.0,0.0,0.0,0.0,0.0
3,MONACO,3.0,33.5,27.4,18.7,9.7,4.4,2.0,0.7,0.3,0.1,0.0,0.0,0.0,0.0,0.0,0.0,0.0,0.0
4,LILLE,1.9,27.3,25.7,22.0,12.7,6.1,2.7,1.0,0.4,0.2,0.0,0.0,0.0,0.0,0.0,0.0,0.0,0.0
5,LYON,0.2,4.1,9.4,16.5,23.3,18.9,12.5,7.4,4.2,1.8,1.0,0.5,0.2,0.1,0.0,0.0,0.0,0.0
6,NICE,0.0,0.9,2.9,6.8,12.1,18.3,20.4,14.9,9.9,6.1,3.9,2.3,1.0,0.3,0.1,0.0,0.0,0.0
7,LENS,0.0,1.9,4.9,10.1,18.1,21.6,16.4,12.1,7.0,4.1,2.1,1.1,0.4,0.1,0.0,0.0,0.0,0.0
8,AUXERRE,0.0,0.0,0.0,0.2,0.7,1.4,3.4,6.3,10.2,13.7,16.6,18.0,14.0,8.3,4.2,1.9,0.8,0.2
9,REIMS,0.0,0.1,0.2,0.7,2.0,4.9,8.6,13.1,15.4,16.3,14.7,11.0,7.1,3.5,1.5,0.5,0.2,0.1
10,TOULOUSE,0.0,0.1,0.5,1.3,3.9,7.4,11.9,15.0,16.3,14.4,12.1,8.6,4.8,2.0,1.0,0.4,0.1,0.0
11,BREST,0.0,0.1,0.4,1.4,3.7,7.4,11.6,15.6,16.4,14.5,11.9,8.3,5.0,2.1,1.0,0.4,0.2,0.0
12,RENNES,0.0,0.0,0.1,0.3,1.0,2.9,5.7,9.1,11.9,15.3,15.7,15.2,10.8,6.0,3.4,1.5,0.8,0.2
13,STRASBOURG,0.0,0.0,0.0,0.1,0.2,0.6,1.5,3.0,5.8,8.4,11.8,15.3,19.2,14.4,9.3,5.7,3.4,1.4
14,ANGERS,0.0,0.0,0.0,0.0,0.0,0.1,0.2,0.4,0.9,2.1,4.0,7.2,12.5,18.6,17.8,16.0,11.9,8.4
15,SAINT-ÉTIENNE,0.0,0.0,0.0,0.0,0.0,0.0,0.1,0.1,0.3,1.1,2.0,3.7,7.5,11.8,17.1,18.9,19.3,18.2
16,LE HAVRE,0.0,0.0,0.0,0.0,0.0,0.0,0.0,0.1,0.2,0.7,1.4,3.0,5.9,10.6,14.7,19.0,21.3,23.0
17,NANTES,0.0,0.0,0.0,0.0,0.0,0.0,0.0,0.1,0.3,0.7,1.8,3.0,6.1,12.3,16.0,18.5,20.9,20.4
18,MONTPELLIER,0.0,0.0,0.0,0.0,0.0,0.0,0.0,0.1,0.2,0.4,0.9,2.6,5.5,9.9,13.8,17.1,21.3,28.0

